72
0
0
0
0
0
0
0
0
0
0
0
0
0
0
000000000000000000000101000010000000000000010000101
000000000000000000000101000111000000000000111000101
00000000000000000000001000010010000000000100100001
00000000000000000000000000001110000000000111
0
0
0
0000000000000011000000000000000000000000000000000000000011
00000000000000001000000000000000000000000000000000000001
0000000000000011000000000000000000000000000000000000000011
0
0
0
000000000000000110000000000000000000000000000000000000011
0000000000000011010000000000000000000000000000000000001011
000000000000000101000000000000000000000000000000000000101
00000000000000001100000000000000000000000000000000000011
0
0
0
0
0
0
0
0
0
0
00000000000000001100000000000000000000000000000000000011
000000000000000101000000000000000000000000000000000000101
0000000000000011010000000000000000000000000000000000001011
000000000000000110000000000000000000000000000000000000011
0
0
0
0000000000000011000000000000000000000000000000000000000011
00000000000000001000000000000000000000000000000000000001
0000000000000011000000000000000000000000000000000000000011
0
0
0
00000000000000000000000000001110000000000111
00000000000000000000001000010010000000000100100001
000000000000000000000101000111000000000000111000101
000000000000000000000101000010000000000000010000101