280
0
0
0
0
0
0
0
0
0
0
0
0
0
0
0
0
0
0
0
0
0
0
0
0
0
0
0
0
0
0
0
0
0
0
0
0
0
0
0
0
0
0
0
0
0
0
0
0
0
0
0
0
0
0
0
0
0
0
0
0
0
0
000000000000000000001
000000000000000000001111
000000010100000000000011
00000001001000000000000001
00000000001100000000001111
000000000000100000000000001
0000000000111100000000100111
000000000100001000000000111
00000000000100100000000001
0000000000010010000010111
0000000000000100000011001
000000010111100000000111
0000000100010000000001
000000000010000000000001
000000001010000000000101
0000000000000000000000001
000000000111000000000101
000000000011000000000001
0000000001110000000001
000000000000000000000111
0000000010100000000011001
0000000000100000000010111
00000001000100000000000001
000000010111100000000000111
0000000000000100000000100111
000000000001001000000000001
00000000000100100000001111
00000000010000100000000001
000000000011110000000011
000000000000100000001111
000000000011000000001
000000010010000000101
0000000101000000001
000000000000000010011
00001101000000000111
000000010000000101
0000101100000001
0000100000000011
00100000001011100000000000101
000100000101100000000000001001
1001000001100000000000000000011
10010100110000000000000000000001
100101011000000000000000000001111
1001000000000000000000000000100001
1001010110000000000000000000001001
1001010011000000000000000000001001
100100000110000000000000000000001
10010100101100000000000000101111
1001010111001000000000000010001
100100000000100000000000000001
100101011100100000000000000101
100101001011
1001000001100000000000000000111
1001010011000000000000000000011
1001010110000001010000101000011
1001000000001101001001001011111
10010101100000000011000100001
1001010011000001000000100000001
1001000001100001011111000000101
10010000011011000000000000000001
1001010011000001011111000000101
1001010110000001000000100000001
10010000000000000011000100001
1001010110001101001001001011111
1001010011000001010000101000011
1001000001100000000000000000011
1001010010110000000000000000111
1001010111001
100100000000100000000000000101
100101011100100000000000000001
1001010010110000000000000010001
10010000011000000000000000101111
100101001100000000000000000000001
1001010110000000000000000000001001
1001000000000000000000000000001001
1001010110000000000000000000100001
100101001100000000000000000001111
10010000011000000000000000000001
1001010010110000000000000000011
100101011100100000000000001001
10010000000010000000000000101
1001010111001
100101001011
10010000011
10010100110000000000000000101
100101011000000000000000001001
1001000000000000000000000000011
10010101100000000000000000000001
100101001100000000000000000001111
1001000001100000000000000000100001
1001010010110000000000000000001001
1001010111001000000000000000001001
100100000000100000000000000000001
10010101110010000000000000101111
1001010010110000000000000010001
100100000110000000000000000001
100101001100000000000000000101
100101011
1001000000000000000000000000111
1001010110000000000000000000011
1001010011000001010000101000011
1001000001101101001001001011111
10010000011000000011000100001
1001010011000001000000100000001
1001010110000001011111000000101
10010000000011000000000000000001
1001010110000001011111000000101
1001010011000001000000100000001
10010000011000000011000100001
1001000001101101001001001011111
1001010011000001010000101000011
1001010110000000000000000000011
1001000000000000000000000000111
100101011
100101001100000000000000000101
100100000110000000000000000001
0001000001011000000000000010001
00100000001011100000000000101111
000010000000001100000000000000001
0000101100000001000000000000001001
0000000100000001010000000000001001
0000110100000000011100000000100001
000000000000000010011000000001111
00000001010000000010000000000001
0000000100100000001010000000011
000000000011000000001000001001
00000000000010000000111100101
000000000011110000000011
00000000010000100000000001
00000000000100100000001111
000000000001001000000000001
0000000000000100000000100111
000000010111100000000000111
00000001000100000000000001
0000000000100000000010111
0000000010100000000011001
000000000000000000000111
0000000001110000000001
000000000011000000000001
000000000111000000000101
0000000000000000000000001
000000001010000000000101
000000000010000000000001
0000000100010000000001
000000010111100000000111
0000000000000100000011001
0000000000010010000010111
00000000000100100000000001
000000000100001000000000111
0000000000111100000000100111
000000000000100000000000001
00000000001100000000001111
00000001001000000000000001
000000010100000000000011
000000000000000000001111
000000000000000000001